(* Content-type: application/vnd.wolfram.mathematica *)

(*** Wolfram Notebook File ***)
(* http://www.wolfram.com/nb *)

(* CreatedBy='Mathematica 9.0' *)

(*CacheID: 234*)
(* Internal cache information:
NotebookFileLineBreakTest
NotebookFileLineBreakTest
NotebookDataPosition[       157,          7]
NotebookDataLength[     55870,       1251]
NotebookOptionsPosition[     55176,       1224]
NotebookOutlinePosition[     55531,       1240]
CellTagsIndexPosition[     55488,       1237]
WindowFrame->Normal*)

(* Beginning of Notebook Content *)
Notebook[{
Cell[BoxData[{
 RowBox[{
  RowBox[{"ClearAll", "[", "splineCircle", "]"}], 
  ";"}], "\[IndentingNewLine]", 
 RowBox[{
  RowBox[{"splineCircle", "[", 
   RowBox[{"m_List", ",", 
    RowBox[{"r_:", "1"}], ",", 
    RowBox[{"angles_List:", " ", 
     RowBox[{"{", 
      RowBox[{"0", ",", 
       RowBox[{"2", " ", "\[Pi]"}]}], "}"}]}]}], "]"}], ":=", 
  RowBox[{
   RowBox[{"Module", "[", 
    RowBox[{
     RowBox[{"{", 
      RowBox[{
      "seg", ",", "\[Phi]", ",", "start", ",", "end", ",", "pts", ",", "w", 
       ",", "k"}], "}"}], ",", 
     RowBox[{
      RowBox[{
       RowBox[{"{", 
        RowBox[{"start", ",", "end"}], "}"}], "=", 
       RowBox[{"Mod", "[", 
        RowBox[{
         RowBox[{"angles", "//", "N"}], ",", 
         RowBox[{"2", " ", "\[Pi]"}]}], "]"}]}], ";", "\[IndentingNewLine]", 
      RowBox[{"If", "[", 
       RowBox[{
        RowBox[{"end", "\[LessEqual]", "start"}], ",", 
        RowBox[{"end", "+=", 
         RowBox[{"2", " ", "\[Pi]"}]}]}], "]"}], ";", "\[IndentingNewLine]", 
      RowBox[{"seg", "=", 
       RowBox[{"Quotient", "[", 
        RowBox[{
         RowBox[{
          RowBox[{"end", "-", "start"}], "//", "N"}], ",", 
         RowBox[{"\[Pi]", "/", "2"}]}], "]"}]}], ";", "\[IndentingNewLine]", 
      RowBox[{"\[Phi]", "=", 
       RowBox[{"Mod", "[", 
        RowBox[{
         RowBox[{
          RowBox[{"end", "-", "start"}], "//", "N"}], ",", 
         RowBox[{"\[Pi]", "/", "2"}]}], "]"}]}], ";", "\[IndentingNewLine]", 
      RowBox[{"If", "[", 
       RowBox[{
        RowBox[{"seg", "\[Equal]", "4"}], ",", 
        RowBox[{
         RowBox[{"seg", "=", "3"}], ";", 
         RowBox[{"\[Phi]", "=", 
          RowBox[{"\[Pi]", "/", "2"}]}]}]}], "]"}], ";", 
      "\[IndentingNewLine]", 
      RowBox[{"pts", "=", 
       RowBox[{
        RowBox[{
         RowBox[{"r", " ", 
          RowBox[{
           RowBox[{"RotationMatrix", "[", "start", "]"}], ".", "#"}]}], "&"}],
         "/@", 
        RowBox[{"Join", "[", 
         RowBox[{
          RowBox[{"Take", "[", 
           RowBox[{
            RowBox[{"{", 
             RowBox[{
              RowBox[{"{", 
               RowBox[{"1", ",", "0"}], "}"}], ",", 
              RowBox[{"{", 
               RowBox[{"1", ",", "1"}], "}"}], ",", 
              RowBox[{"{", 
               RowBox[{"0", ",", "1"}], "}"}], ",", 
              RowBox[{"{", 
               RowBox[{
                RowBox[{"-", "1"}], ",", "1"}], "}"}], ",", 
              RowBox[{"{", 
               RowBox[{
                RowBox[{"-", "1"}], ",", "0"}], "}"}], ",", 
              RowBox[{"{", 
               RowBox[{
                RowBox[{"-", "1"}], ",", 
                RowBox[{"-", "1"}]}], "}"}], ",", 
              RowBox[{"{", 
               RowBox[{"0", ",", 
                RowBox[{"-", "1"}]}], "}"}]}], "}"}], ",", 
            RowBox[{
             RowBox[{"2", " ", "seg"}], "+", "1"}]}], "]"}], ",", 
          RowBox[{
           RowBox[{
            RowBox[{
             RowBox[{"RotationMatrix", "[", 
              RowBox[{"seg", " ", 
               RowBox[{"\[Pi]", "/", "2"}]}], "]"}], ".", "#"}], "&"}], "/@", 
           RowBox[{"{", 
            RowBox[{
             RowBox[{"{", 
              RowBox[{"1", ",", 
               RowBox[{"Tan", "[", 
                RowBox[{"\[Phi]", "/", "2"}], "]"}]}], "}"}], ",", 
             RowBox[{"{", 
              RowBox[{
               RowBox[{"Cos", "[", "\[Phi]", "]"}], ",", 
               RowBox[{"Sin", "[", "\[Phi]", "]"}]}], "}"}]}], "}"}]}]}], 
         "]"}]}]}], ";", "\[IndentingNewLine]", 
      RowBox[{"If", "[", 
       RowBox[{
        RowBox[{
         RowBox[{"Length", "[", "m", "]"}], "\[Equal]", "2"}], ",", 
        RowBox[{"pts", "=", 
         RowBox[{
          RowBox[{
           RowBox[{"m", "+", "#"}], "&"}], "/@", "pts"}]}], ",", 
        RowBox[{"pts", "=", 
         RowBox[{
          RowBox[{
           RowBox[{"m", "+", "#"}], "&"}], "/@", 
          RowBox[{"Transpose", "[", 
           RowBox[{"Append", "[", 
            RowBox[{
             RowBox[{"Transpose", "[", "pts", "]"}], ",", 
             RowBox[{"ConstantArray", "[", 
              RowBox[{"0", ",", 
               RowBox[{"Length", "[", "pts", "]"}]}], "]"}]}], "]"}], 
           "]"}]}]}]}], "]"}], ";", "\[IndentingNewLine]", 
      RowBox[{"w", "=", 
       RowBox[{"Join", "[", 
        RowBox[{
         RowBox[{"Take", "[", 
          RowBox[{
           RowBox[{"{", 
            RowBox[{"1", ",", 
             RowBox[{"1", "/", 
              RowBox[{"Sqrt", "[", "2", "]"}]}], ",", "1", ",", 
             RowBox[{"1", "/", 
              RowBox[{"Sqrt", "[", "2", "]"}]}], ",", "1", ",", 
             RowBox[{"1", "/", 
              RowBox[{"Sqrt", "[", "2", "]"}]}], ",", "1"}], "}"}], ",", 
           RowBox[{
            RowBox[{"2", " ", "seg"}], "+", "1"}]}], "]"}], ",", 
         RowBox[{"{", 
          RowBox[{
           RowBox[{"Cos", "[", 
            RowBox[{"\[Phi]", "/", "2"}], "]"}], ",", "1"}], "}"}]}], "]"}]}],
       ";", "\[IndentingNewLine]", 
      RowBox[{"k", "=", 
       RowBox[{"Join", "[", 
        RowBox[{
         RowBox[{"{", 
          RowBox[{"0", ",", "0", ",", "0"}], "}"}], ",", 
         RowBox[{
          RowBox[{
           RowBox[{"Riffle", "[", 
            RowBox[{"#", ",", "#"}], "]"}], "&"}], "@", 
          RowBox[{"Range", "[", 
           RowBox[{"seg", "+", "1"}], "]"}]}], ",", 
         RowBox[{"{", 
          RowBox[{"seg", "+", "1"}], "}"}]}], "]"}]}], ";", 
      "\[IndentingNewLine]", 
      RowBox[{"BSplineCurve", "[", 
       RowBox[{"pts", ",", 
        RowBox[{"SplineDegree", "\[Rule]", "2"}], ",", 
        RowBox[{"SplineKnots", "\[Rule]", "k"}], ",", 
        RowBox[{"SplineWeights", "\[Rule]", "w"}]}], "]"}]}]}], "]"}], "/;", 
   RowBox[{
    RowBox[{
     RowBox[{"Length", "[", "m", "]"}], "\[Equal]", "2"}], "||", 
    RowBox[{
     RowBox[{"Length", "[", "m", "]"}], "\[Equal]", "3"}]}]}]}]}], "Input",
 CellChangeTimes->{{3.6883721469446735`*^9, 3.688372146945674*^9}, 
   3.6883725375407295`*^9, {3.6883725955555305`*^9, 3.688372634308405*^9}}],

Cell[BoxData[{
 RowBox[{
  RowBox[{"unitSphere", "=", 
   RowBox[{"Graphics3D", "[", 
    RowBox[{
     RowBox[{"{", 
      RowBox[{
       RowBox[{"Opacity", "[", "0.4", "]"}], ",", "Gray", ",", 
       RowBox[{"Join", "[", 
        RowBox[{
         RowBox[{"Table", "[", " ", 
          RowBox[{
           RowBox[{"GeometricTransformation", "[", 
            RowBox[{
             RowBox[{"splineCircle", "[", 
              RowBox[{"{", 
               RowBox[{"0", ",", "0", ",", "0"}], "}"}], "]"}], ",", 
             RowBox[{"RotationMatrix", "[", 
              RowBox[{
               RowBox[{"\[Pi]", "/", "2"}], ",", 
               RowBox[{"{", 
                RowBox[{
                 RowBox[{"Cos", "[", 
                  RowBox[{"\[Pi]", " ", "\[Theta]"}], "]"}], ",", 
                 RowBox[{"Sin", "[", 
                  RowBox[{"\[Pi]", " ", "\[Theta]"}], "]"}], ",", "0"}], 
                "}"}]}], "]"}]}], "]"}], ",", 
           RowBox[{"{", 
            RowBox[{"\[Theta]", ",", "0", ",", "2", ",", 
             RowBox[{"0.25", "/", "2"}]}], "}"}]}], "]"}], ",", 
         RowBox[{"Table", "[", 
          RowBox[{
           RowBox[{"splineCircle", "[", 
            RowBox[{
             RowBox[{"{", 
              RowBox[{"0", ",", "0", ",", "z"}], "}"}], ",", 
             RowBox[{"Sqrt", "[", 
              RowBox[{"1", "-", 
               RowBox[{"z", "^", "2"}]}], "]"}]}], "]"}], ",", 
           RowBox[{"{", 
            RowBox[{"z", ",", 
             RowBox[{"-", "1"}], ",", "1", ",", "0.25"}], "}"}]}], "]"}]}], 
        "]"}]}], "}"}], ",", 
     RowBox[{"Boxed", "\[Rule]", "False"}]}], "]"}]}], 
  ";"}], "\[IndentingNewLine]", 
 RowBox[{
  RowBox[{"axes", "=", 
   RowBox[{"Graphics3D", "[", 
    RowBox[{
     RowBox[{"{", 
      RowBox[{"Gray", ",", 
       RowBox[{"Line", "[", 
        RowBox[{"{", 
         RowBox[{
          RowBox[{"{", 
           RowBox[{"0", ",", "0", ",", "0"}], "}"}], ",", 
          RowBox[{"{", 
           RowBox[{
            RowBox[{"-", "1"}], ",", "0", ",", "0"}], "}"}]}], "}"}], "]"}], 
       ",", 
       RowBox[{"Line", "[", 
        RowBox[{"{", 
         RowBox[{
          RowBox[{"{", 
           RowBox[{"0", ",", "0", ",", "0"}], "}"}], ",", 
          RowBox[{"{", 
           RowBox[{"1", ",", "0", ",", "0"}], "}"}]}], "}"}], "]"}], ",", 
       RowBox[{"Line", "[", 
        RowBox[{"{", 
         RowBox[{
          RowBox[{"{", 
           RowBox[{"0", ",", "0", ",", "0"}], "}"}], ",", 
          RowBox[{"{", 
           RowBox[{"0", ",", 
            RowBox[{"-", "1"}], ",", "0"}], "}"}]}], "}"}], "]"}], ",", 
       RowBox[{"Line", "[", 
        RowBox[{"{", 
         RowBox[{
          RowBox[{"{", 
           RowBox[{"0", ",", "0", ",", "0"}], "}"}], ",", 
          RowBox[{"{", 
           RowBox[{"0", ",", "1", ",", "0"}], "}"}]}], "}"}], "]"}], ",", 
       RowBox[{"Line", "[", 
        RowBox[{"{", 
         RowBox[{
          RowBox[{"{", 
           RowBox[{"0", ",", "0", ",", "0"}], "}"}], ",", 
          RowBox[{"{", 
           RowBox[{"0", ",", "0", ",", 
            RowBox[{"-", "1"}]}], "}"}]}], "}"}], "]"}], ",", 
       RowBox[{"Line", "[", 
        RowBox[{"{", 
         RowBox[{
          RowBox[{"{", 
           RowBox[{"0", ",", "0", ",", "0"}], "}"}], ",", 
          RowBox[{"{", 
           RowBox[{"0", ",", "0", ",", "1"}], "}"}]}], "}"}], "]"}]}], "}"}], 
     ",", 
     RowBox[{"Boxed", "\[Rule]", "False"}]}], "]"}]}], 
  ";"}], "\[IndentingNewLine]", 
 RowBox[{
  RowBox[{"text", "=", 
   RowBox[{"Graphics3D", "[", 
    RowBox[{"{", 
     RowBox[{
      RowBox[{"Text", "[", 
       RowBox[{"\"\<x\>\"", ",", 
        RowBox[{"{", 
         RowBox[{"1.1", ",", "0.0", ",", "0"}], "}"}]}], "]"}], ",", 
      RowBox[{"Text", "[", 
       RowBox[{"\"\<y\>\"", ",", 
        RowBox[{"{", 
         RowBox[{"0", ",", "1.1", ",", "0"}], "}"}]}], "]"}], ",", 
      RowBox[{"Text", "[", 
       RowBox[{"\"\<z\>\"", ",", 
        RowBox[{"{", 
         RowBox[{"0", ",", "0", ",", "1.1"}], "}"}]}], "]"}]}], "}"}], 
    "]"}]}], ";"}], "\[IndentingNewLine]", 
 RowBox[{
  RowBox[{"plotPointsWithSphere", "[", "points_", "]"}], ":=", 
  RowBox[{"Show", "[", 
   RowBox[{"axes", ",", "text", ",", "unitSphere", ",", 
    RowBox[{"ListPointPlot3D", "[", 
     RowBox[{"points", ",", 
      RowBox[{"PlotStyle", "\[Rule]", 
       RowBox[{"PointSize", "[", "0.02", "]"}]}], ",", 
      RowBox[{"Boxed", "\[Rule]", "False"}]}], "]"}], ",", 
    RowBox[{"RotationAction", "\[Rule]", "\"\<Clip\>\""}], ",", 
    RowBox[{"ViewAngle", "\[Rule]", "0.4"}]}], "]"}]}]}], "Input",
 CellChangeTimes->{{3.688373258249793*^9, 3.688373360688036*^9}, {
  3.6883734494359093`*^9, 3.688373591306095*^9}, {3.6883736243403983`*^9, 
  3.688373839828945*^9}, {3.6883739411710787`*^9, 3.688373959250886*^9}, {
  3.6883739967486353`*^9, 3.6883740327432346`*^9}, {3.6883742950174594`*^9, 
  3.6883742954485025`*^9}, {3.688374489176095*^9, 3.6883746241076007`*^9}, {
  3.6883747242975807`*^9, 3.6883747248095293`*^9}, {3.688374756953986*^9, 
  3.6883747976229863`*^9}, {3.6883771270351353`*^9, 3.688377128047962*^9}, {
  3.6883772224094877`*^9, 3.6883772332161922`*^9}, {3.688377728586587*^9, 
  3.6883777626080008`*^9}, {3.688377801698204*^9, 3.688377812966688*^9}}],

Cell[BoxData[{
 RowBox[{
  RowBox[{
   SubscriptBox["\[Sigma]", "0"], "=", 
   RowBox[{"{", 
    RowBox[{
     RowBox[{"{", 
      RowBox[{"1", ",", "0"}], "}"}], ",", 
     RowBox[{"{", 
      RowBox[{"0", ",", "1"}], "}"}]}], "}"}]}], ";"}], "\[IndentingNewLine]", 
 RowBox[{
  RowBox[{
   SubscriptBox["\[Sigma]", "1"], "=", 
   RowBox[{"{", 
    RowBox[{
     RowBox[{"{", 
      RowBox[{"0", ",", "1"}], "}"}], ",", 
     RowBox[{"{", 
      RowBox[{"1", ",", "0"}], "}"}]}], "}"}]}], ";"}], "\[IndentingNewLine]", 
 RowBox[{
  RowBox[{
   SubscriptBox["\[Sigma]", "2"], "=", 
   RowBox[{"{", 
    RowBox[{
     RowBox[{"{", 
      RowBox[{"0", ",", 
       RowBox[{"-", "\[ImaginaryI]"}]}], "}"}], ",", 
     RowBox[{"{", 
      RowBox[{"\[ImaginaryI]", ",", "0"}], "}"}]}], "}"}]}], 
  ";"}], "\[IndentingNewLine]", 
 RowBox[{
  RowBox[{
   SubscriptBox["\[Sigma]", "3"], "=", 
   RowBox[{"{", 
    RowBox[{
     RowBox[{"{", 
      RowBox[{"1", ",", "0"}], "}"}], ",", 
     RowBox[{"{", 
      RowBox[{"0", ",", 
       RowBox[{"-", "1"}]}], "}"}]}], "}"}]}], ";"}]}], "Input",
 CellChangeTimes->{{3.6883671390488873`*^9, 3.688367201796161*^9}}],

Cell[BoxData[{
 RowBox[{
  RowBox[{
   RowBox[{"rThetaX", "[", "\[Theta]_", "]"}], " ", "=", " ", 
   RowBox[{"MatrixExp", "[", 
    RowBox[{
     RowBox[{"-", "\[ImaginaryI]"}], " ", 
     RowBox[{"\[Theta]", "/", "2"}], " ", 
     SubscriptBox["\[Sigma]", "1"]}], "]"}]}], ";"}], "\[IndentingNewLine]", 
 RowBox[{
  RowBox[{
   RowBox[{"rThetaY", "[", "\[Theta]_", "]"}], " ", "=", " ", 
   RowBox[{"MatrixExp", "[", 
    RowBox[{
     RowBox[{"-", "\[ImaginaryI]"}], " ", 
     RowBox[{"\[Theta]", "/", "2"}], " ", 
     SubscriptBox["\[Sigma]", "2"]}], "]"}]}], ";"}], "\[IndentingNewLine]", 
 RowBox[{
  RowBox[{
   RowBox[{"rThetaZ", "[", "\[Theta]_", "]"}], " ", "=", " ", 
   RowBox[{"MatrixExp", "[", 
    RowBox[{
     RowBox[{"-", "\[ImaginaryI]"}], " ", 
     RowBox[{"\[Theta]", "/", "2"}], " ", 
     SubscriptBox["\[Sigma]", "3"]}], "]"}]}], ";"}]}], "Input",
 CellChangeTimes->{{3.688367208494831*^9, 3.6883672704569902`*^9}, {
  3.688367489327101*^9, 3.688367490462988*^9}}],

Cell[BoxData[{
 RowBox[{
  RowBox[{
   RowBox[{"Expect", "[", 
    RowBox[{"state_", ",", "operator_"}], "]"}], ":=", 
   RowBox[{
    RowBox[{"(", " ", 
     RowBox[{
      RowBox[{"state", "\[ConjugateTranspose]"}], ".", "operator", ".", 
      "state"}], ")"}], "[", 
    RowBox[{"[", 
     RowBox[{"1", ",", "1"}], "]"}], "]"}]}], ";"}], "\[IndentingNewLine]", 
 RowBox[{
  RowBox[{"Coords", "[", "state_", "]"}], ":=", 
  RowBox[{"Table", "[", 
   RowBox[{
    RowBox[{"Expect", "[", 
     RowBox[{"state", ",", 
      SubscriptBox["\[Sigma]", "i"]}], "]"}], ",", 
    RowBox[{"{", 
     RowBox[{"i", ",", "1", ",", "3"}], "}"}]}], "]"}]}]}], "Input",
 CellChangeTimes->{{3.688367323331702*^9, 3.6883674130497293`*^9}, {
  3.688374333266284*^9, 3.688374400477004*^9}}],

Cell[BoxData[{
 RowBox[{
  RowBox[{"Z", "=", 
   RowBox[{"{", 
    RowBox[{
     RowBox[{"{", "1", "}"}], ",", 
     RowBox[{"{", "0", "}"}]}], "}"}]}], ";"}], "\[IndentingNewLine]", 
 RowBox[{
  RowBox[{"mZ", "=", 
   RowBox[{"{", 
    RowBox[{
     RowBox[{"{", "0", "}"}], ",", 
     RowBox[{"{", "01", "}"}]}], "}"}]}], ";"}]}], "Input",
 CellChangeTimes->{{3.6883674266523695`*^9, 3.688367462482786*^9}}],

Cell[CellGroupData[{

Cell[BoxData[
 RowBox[{"plotPointsWithSphere", "[", 
  RowBox[{"{", 
   RowBox[{"Coords", "[", 
    RowBox[{
     RowBox[{"rThetaY", "[", 
      RowBox[{"\[Pi]", "/", "2"}], "]"}], ".", "Z"}], "]"}], "}"}], 
  "]"}]], "Input"],

Cell[BoxData[
 Graphics3DBox[{
   {GrayLevel[0.5], Line3DBox[{{0, 0, 0}, {-1, 0, 0}}], 
    Line3DBox[{{0, 0, 0}, {1, 0, 0}}], Line3DBox[{{0, 0, 0}, {0, -1, 0}}], 
    Line3DBox[{{0, 0, 0}, {0, 1, 0}}], Line3DBox[{{0, 0, 0}, {0, 0, -1}}], 
    Line3DBox[{{0, 0, 0}, {0, 0, 1}}]}, {Text3DBox["\<\"x\"\>", {1.1, 0., 0}],
     Text3DBox["\<\"y\"\>", {0, 1.1, 0}], 
    Text3DBox["\<\"z\"\>", {0, 0, 1.1}]}, 
   {GrayLevel[0.5], Opacity[0.4], 
    GeometricTransformation3DBox[
     BSplineCurve3DBox[{{1., 0., 0}, {1., 1., 0}, {
       0., 1., 0}, {-1., 1., 0}, {-1., 0., 0}, {-1., -1., 0}, {0., -1., 0}, {
       1., -1., 0}, {1., 0., 0}},
      SplineDegree->2,
      SplineKnots->{0, 0, 0, 1, 1, 2, 2, 3, 3, 4, 4, 4},
      SplineWeights->
       NCache[{1, 2^Rational[-1, 2], 1, 2^Rational[-1, 2], 1, 2^
         Rational[-1, 2], 1, 2^Rational[-1, 2], 1}, {
        1, 0.7071067811865475, 1, 0.7071067811865475, 1, 0.7071067811865475, 
         1, 0.7071067811865475, 1}]], {{1., 0., 0.}, {0., 0., -1.}, {0., 1., 
     0.}}], GeometricTransformation3DBox[
     BSplineCurve3DBox[{{1., 0., 0}, {1., 1., 0}, {
       0., 1., 0}, {-1., 1., 0}, {-1., 0., 0}, {-1., -1., 0}, {0., -1., 0}, {
       1., -1., 0}, {1., 0., 0}},
      SplineDegree->2,
      SplineKnots->{0, 0, 0, 1, 1, 2, 2, 3, 3, 4, 4, 4},
      SplineWeights->
       NCache[{1, 2^Rational[-1, 2], 1, 2^Rational[-1, 2], 1, 2^
         Rational[-1, 2], 1, 2^Rational[-1, 2], 1}, {
        1, 0.7071067811865475, 1, 0.7071067811865475, 1, 0.7071067811865475, 
         1, 0.7071067811865475, 1}]], {{0.8535533905932737, 
     0.35355339059327384`, 0.3826834323650898}, {0.35355339059327373`, 
     0.14644660940672624`, -0.9238795325112867}, {-0.3826834323650898, 
     0.9238795325112867, 0.}}], 
    GeometricTransformation3DBox[
     BSplineCurve3DBox[{{1., 0., 0}, {1., 1., 0}, {
       0., 1., 0}, {-1., 1., 0}, {-1., 0., 0}, {-1., -1., 0}, {0., -1., 0}, {
       1., -1., 0}, {1., 0., 0}},
      SplineDegree->2,
      SplineKnots->{0, 0, 0, 1, 1, 2, 2, 3, 3, 4, 4, 4},
      SplineWeights->
       NCache[{1, 2^Rational[-1, 2], 1, 2^Rational[-1, 2], 1, 2^
         Rational[-1, 2], 1, 2^Rational[-1, 2], 1}, {
        1, 0.7071067811865475, 1, 0.7071067811865475, 1, 0.7071067811865475, 
         1, 0.7071067811865475, 1}]], {{0.5000000000000001, 0.5, 
     0.7071067811865475}, {0.5, 
     0.4999999999999999, -0.7071067811865476}, {-0.7071067811865475, 
     0.7071067811865476, 0.}}], 
    GeometricTransformation3DBox[
     BSplineCurve3DBox[{{1., 0., 0}, {1., 1., 0}, {
       0., 1., 0}, {-1., 1., 0}, {-1., 0., 0}, {-1., -1., 0}, {0., -1., 0}, {
       1., -1., 0}, {1., 0., 0}},
      SplineDegree->2,
      SplineKnots->{0, 0, 0, 1, 1, 2, 2, 3, 3, 4, 4, 4},
      SplineWeights->
       NCache[{1, 2^Rational[-1, 2], 1, 2^Rational[-1, 2], 1, 2^
         Rational[-1, 2], 1, 2^Rational[-1, 2], 1}, {
        1, 0.7071067811865475, 1, 0.7071067811865475, 1, 0.7071067811865475, 
         1, 0.7071067811865475, 1}]], {{0.1464466094067263, 
     0.35355339059327384`, 0.9238795325112868}, {0.35355339059327384`, 
     0.8535533905932737, -0.3826834323650899}, {-0.9238795325112868, 
     0.3826834323650899, 0.}}], 
    GeometricTransformation3DBox[
     BSplineCurve3DBox[{{1., 0., 0}, {1., 1., 0}, {
       0., 1., 0}, {-1., 1., 0}, {-1., 0., 0}, {-1., -1., 0}, {0., -1., 0}, {
       1., -1., 0}, {1., 0., 0}},
      SplineDegree->2,
      SplineKnots->{0, 0, 0, 1, 1, 2, 2, 3, 3, 4, 4, 4},
      SplineWeights->
       NCache[{1, 2^Rational[-1, 2], 1, 2^Rational[-1, 2], 1, 2^
         Rational[-1, 2], 1, 2^Rational[-1, 2], 1}, {
        1, 0.7071067811865475, 1, 0.7071067811865475, 1, 0.7071067811865475, 
         1, 0.7071067811865475, 1}]], {{3.749399456654644*^-33, 
     6.123233995736766*^-17, 1.}, {6.123233995736766*^-17, 
     1., -6.123233995736766*^-17}, {-1., 6.123233995736766*^-17, 0.}}], 
    GeometricTransformation3DBox[
     BSplineCurve3DBox[{{1., 0., 0}, {1., 1., 0}, {
       0., 1., 0}, {-1., 1., 0}, {-1., 0., 0}, {-1., -1., 0}, {0., -1., 0}, {
       1., -1., 0}, {1., 0., 0}},
      SplineDegree->2,
      SplineKnots->{0, 0, 0, 1, 1, 2, 2, 3, 3, 4, 4, 4},
      SplineWeights->
       NCache[{1, 2^Rational[-1, 2], 1, 2^Rational[-1, 2], 1, 2^
         Rational[-1, 2], 1, 2^Rational[-1, 2], 1}, {
        1, 0.7071067811865475, 1, 0.7071067811865475, 1, 0.7071067811865475, 
         1, 0.7071067811865475, 1}]], {{
     0.1464466094067262, -0.35355339059327373`, 
     0.9238795325112867}, {-0.35355339059327373`, 0.8535533905932737, 
     0.3826834323650897}, {-0.9238795325112867, -0.3826834323650897, 0.}}], 
    GeometricTransformation3DBox[
     BSplineCurve3DBox[{{1., 0., 0}, {1., 1., 0}, {
       0., 1., 0}, {-1., 1., 0}, {-1., 0., 0}, {-1., -1., 0}, {0., -1., 0}, {
       1., -1., 0}, {1., 0., 0}},
      SplineDegree->2,
      SplineKnots->{0, 0, 0, 1, 1, 2, 2, 3, 3, 4, 4, 4},
      SplineWeights->
       NCache[{1, 2^Rational[-1, 2], 1, 2^Rational[-1, 2], 1, 2^
         Rational[-1, 2], 1, 2^Rational[-1, 2], 1}, {
        1, 0.7071067811865475, 1, 0.7071067811865475, 1, 0.7071067811865475, 
         1, 0.7071067811865475, 1}]], {{0.4999999999999999, -0.5, 
     0.7071067811865476}, {-0.5, 0.5000000000000001, 
     0.7071067811865475}, {-0.7071067811865476, -0.7071067811865475, 0.}}], 
    GeometricTransformation3DBox[
     BSplineCurve3DBox[{{1., 0., 0}, {1., 1., 0}, {
       0., 1., 0}, {-1., 1., 0}, {-1., 0., 0}, {-1., -1., 0}, {0., -1., 0}, {
       1., -1., 0}, {1., 0., 0}},
      SplineDegree->2,
      SplineKnots->{0, 0, 0, 1, 1, 2, 2, 3, 3, 4, 4, 4},
      SplineWeights->
       NCache[{1, 2^Rational[-1, 2], 1, 2^Rational[-1, 2], 1, 2^
         Rational[-1, 2], 1, 2^Rational[-1, 2], 1}, {
        1, 0.7071067811865475, 1, 0.7071067811865475, 1, 0.7071067811865475, 
         1, 0.7071067811865475, 1}]], {{
     0.8535533905932737, -0.35355339059327384`, 
     0.3826834323650899}, {-0.35355339059327384`, 0.14644660940672632`, 
     0.9238795325112868}, {-0.3826834323650899, -0.9238795325112868, 0.}}], 
    GeometricTransformation3DBox[
     BSplineCurve3DBox[{{1., 0., 0}, {1., 1., 0}, {
       0., 1., 0}, {-1., 1., 0}, {-1., 0., 0}, {-1., -1., 0}, {0., -1., 0}, {
       1., -1., 0}, {1., 0., 0}},
      SplineDegree->2,
      SplineKnots->{0, 0, 0, 1, 1, 2, 2, 3, 3, 4, 4, 4},
      SplineWeights->
       NCache[{1, 2^Rational[-1, 2], 1, 2^Rational[-1, 2], 1, 2^
         Rational[-1, 2], 1, 2^Rational[-1, 2], 1}, {
        1, 0.7071067811865475, 1, 0.7071067811865475, 1, 0.7071067811865475, 
         1, 0.7071067811865475, 1}]], {{1., -1.2246467991473532`*^-16, 
     1.2246467991473532`*^-16}, {-1.2246467991473532`*^-16, 
     1.4997597826618576`*^-32, 1.}, {-1.2246467991473532`*^-16, -1., 0.}}], 
    GeometricTransformation3DBox[
     BSplineCurve3DBox[{{1., 0., 0}, {1., 1., 0}, {
       0., 1., 0}, {-1., 1., 0}, {-1., 0., 0}, {-1., -1., 0}, {0., -1., 0}, {
       1., -1., 0}, {1., 0., 0}},
      SplineDegree->2,
      SplineKnots->{0, 0, 0, 1, 1, 2, 2, 3, 3, 4, 4, 4},
      SplineWeights->
       NCache[{1, 2^Rational[-1, 2], 1, 2^Rational[-1, 2], 1, 2^
         Rational[-1, 2], 1, 2^Rational[-1, 2], 1}, {
        1, 0.7071067811865475, 1, 0.7071067811865475, 1, 0.7071067811865475, 
         1, 0.7071067811865475, 1}]], {{0.853553390593274, 
     0.35355339059327373`, -0.38268343236508984`}, {0.35355339059327373`, 
     0.14644660940672616`, 0.9238795325112872}, {
     0.38268343236508984`, -0.9238795325112872, 0.}}], 
    GeometricTransformation3DBox[
     BSplineCurve3DBox[{{1., 0., 0}, {1., 1., 0}, {
       0., 1., 0}, {-1., 1., 0}, {-1., 0., 0}, {-1., -1., 0}, {0., -1., 0}, {
       1., -1., 0}, {1., 0., 0}},
      SplineDegree->2,
      SplineKnots->{0, 0, 0, 1, 1, 2, 2, 3, 3, 4, 4, 4},
      SplineWeights->
       NCache[{1, 2^Rational[-1, 2], 1, 2^Rational[-1, 2], 1, 2^
         Rational[-1, 2], 1, 2^Rational[-1, 2], 1}, {
        1, 0.7071067811865475, 1, 0.7071067811865475, 1, 0.7071067811865475, 
         1, 0.7071067811865475, 1}]], {{0.5000000000000002, 
     0.5000000000000002, -0.7071067811865476}, {0.5, 0.4999999999999999, 
     0.7071067811865478}, {0.7071067811865476, -0.7071067811865478, 0.}}], 
    GeometricTransformation3DBox[
     BSplineCurve3DBox[{{1., 0., 0}, {1., 1., 0}, {
       0., 1., 0}, {-1., 1., 0}, {-1., 0., 0}, {-1., -1., 0}, {0., -1., 0}, {
       1., -1., 0}, {1., 0., 0}},
      SplineDegree->2,
      SplineKnots->{0, 0, 0, 1, 1, 2, 2, 3, 3, 4, 4, 4},
      SplineWeights->
       NCache[{1, 2^Rational[-1, 2], 1, 2^Rational[-1, 2], 1, 2^
         Rational[-1, 2], 1, 2^Rational[-1, 2], 1}, {
        1, 0.7071067811865475, 1, 0.7071067811865475, 1, 0.7071067811865475, 
         1, 0.7071067811865475, 1}]], {{0.14644660940672666`, 
     0.3535533905932742, -0.9238795325112865}, {0.3535533905932742, 
     0.8535533905932733, 0.3826834323650903}, {
     0.9238795325112865, -0.3826834323650903, 0.}}], 
    GeometricTransformation3DBox[
     BSplineCurve3DBox[{{1., 0., 0}, {1., 1., 0}, {
       0., 1., 0}, {-1., 1., 0}, {-1., 0., 0}, {-1., -1., 0}, {0., -1., 0}, {
       1., -1., 0}, {1., 0., 0}},
      SplineDegree->2,
      SplineKnots->{0, 0, 0, 1, 1, 2, 2, 3, 3, 4, 4, 4},
      SplineWeights->
       NCache[{1, 2^Rational[-1, 2], 1, 2^Rational[-1, 2], 1, 2^
         Rational[-1, 2], 1, 2^Rational[-1, 2], 1}, {
        1, 0.7071067811865475, 1, 0.7071067811865475, 1, 0.7071067811865475, 
         1, 0.7071067811865475, 1}]], {{3.374459510989179*^-32, 
     1.8369701987210297`*^-16, -1.}, {1.8369701987210297`*^-16, 1., 
     1.8369701987210297`*^-16}, {1., -1.8369701987210297`*^-16, 0.}}], 
    GeometricTransformation3DBox[
     BSplineCurve3DBox[{{1., 0., 0}, {1., 1., 0}, {
       0., 1., 0}, {-1., 1., 0}, {-1., 0., 0}, {-1., -1., 0}, {0., -1., 0}, {
       1., -1., 0}, {1., 0., 0}},
      SplineDegree->2,
      SplineKnots->{0, 0, 0, 1, 1, 2, 2, 3, 3, 4, 4, 4},
      SplineWeights->
       NCache[{1, 2^Rational[-1, 2], 1, 2^Rational[-1, 2], 1, 2^
         Rational[-1, 2], 1, 2^Rational[-1, 2], 1}, {
        1, 0.7071067811865475, 1, 0.7071067811865475, 1, 0.7071067811865475, 
         1, 0.7071067811865475, 1}]], {{
     0.1464466094067264, -0.35355339059327395`, -0.9238795325112865}, \
{-0.35355339059327395`, 0.8535533905932735, -0.38268343236509}, {
     0.9238795325112865, 0.38268343236509, 0.}}], 
    GeometricTransformation3DBox[
     BSplineCurve3DBox[{{1., 0., 0}, {1., 1., 0}, {
       0., 1., 0}, {-1., 1., 0}, {-1., 0., 0}, {-1., -1., 0}, {0., -1., 0}, {
       1., -1., 0}, {1., 0., 0}},
      SplineDegree->2,
      SplineKnots->{0, 0, 0, 1, 1, 2, 2, 3, 3, 4, 4, 4},
      SplineWeights->
       NCache[{1, 2^Rational[-1, 2], 1, 2^Rational[-1, 2], 1, 2^
         Rational[-1, 2], 1, 2^Rational[-1, 2], 1}, {
        1, 0.7071067811865475, 1, 0.7071067811865475, 1, 0.7071067811865475, 
         1, 0.7071067811865475, 1}]], {{
     0.4999999999999998, -0.5, -0.7071067811865477}, {-0.5, 
     0.5000000000000002, -0.7071067811865474}, {0.7071067811865477, 
     0.7071067811865474, 0.}}], 
    GeometricTransformation3DBox[
     BSplineCurve3DBox[{{1., 0., 0}, {1., 1., 0}, {
       0., 1., 0}, {-1., 1., 0}, {-1., 0., 0}, {-1., -1., 0}, {0., -1., 0}, {
       1., -1., 0}, {1., 0., 0}},
      SplineDegree->2,
      SplineKnots->{0, 0, 0, 1, 1, 2, 2, 3, 3, 4, 4, 4},
      SplineWeights->
       NCache[{1, 2^Rational[-1, 2], 1, 2^Rational[-1, 2], 1, 2^
         Rational[-1, 2], 1, 2^Rational[-1, 2], 1}, {
        1, 0.7071067811865475, 1, 0.7071067811865475, 1, 0.7071067811865475, 
         1, 0.7071067811865475, 1}]], {{
     0.8535533905932733, -0.35355339059327423`, -0.3826834323650904}, \
{-0.35355339059327423`, 0.1464466094067267, -0.9238795325112865}, {
     0.3826834323650904, 0.9238795325112865, 0.}}], 
    GeometricTransformation3DBox[
     BSplineCurve3DBox[{{1., 0., 0}, {1., 1., 0}, {
       0., 1., 0}, {-1., 1., 0}, {-1., 0., 0}, {-1., -1., 0}, {0., -1., 0}, {
       1., -1., 0}, {1., 0., 0}},
      SplineDegree->2,
      SplineKnots->{0, 0, 0, 1, 1, 2, 2, 3, 3, 4, 4, 4},
      SplineWeights->
       NCache[{1, 2^Rational[-1, 2], 1, 2^Rational[-1, 2], 1, 2^
         Rational[-1, 2], 1, 2^Rational[-1, 2], 1}, {
        1, 0.7071067811865475, 1, 0.7071067811865475, 1, 0.7071067811865475, 
         1, 0.7071067811865475, 1}]], {{
     1., -2.4492935982947064`*^-16, -2.4492935982947064`*^-16}, \
{-2.4492935982947064`*^-16, 5.99903913064743*^-32, -1.}, {
     2.4492935982947064`*^-16, 1., 0.}}], 
    BSplineCurve3DBox[{{0., 0., -1.}, {0., 0., -1.}, {0., 0., -1.}, {0., 
     0., -1.}, {0., 0., -1.}, {0., 0., -1.}, {0., 0., -1.}, {0., 0., -1.}, {
     0., 0., -1.}},
     SplineDegree->2,
     SplineKnots->{0, 0, 0, 1, 1, 2, 2, 3, 3, 4, 4, 4},
     SplineWeights->
      NCache[{1, 2^Rational[-1, 2], 1, 2^Rational[-1, 2], 1, 2^
        Rational[-1, 2], 1, 2^Rational[-1, 2], 1}, {
       1, 0.7071067811865475, 1, 0.7071067811865475, 1, 0.7071067811865475, 1,
         0.7071067811865475, 1}]], 
    BSplineCurve3DBox[{{0.6614378277661477, 0., -0.75}, {0.6614378277661477, 
     0.6614378277661477, -0.75}, {0., 
     0.6614378277661477, -0.75}, {-0.6614378277661477, 
     0.6614378277661477, -0.75}, {-0.6614378277661477, 
     0., -0.75}, {-0.6614378277661477, -0.6614378277661477, -0.75}, {
     0., -0.6614378277661477, -0.75}, {
     0.6614378277661477, -0.6614378277661477, -0.75}, {0.6614378277661477, 
     0., -0.75}},
     SplineDegree->2,
     SplineKnots->{0, 0, 0, 1, 1, 2, 2, 3, 3, 4, 4, 4},
     SplineWeights->
      NCache[{1, 2^Rational[-1, 2], 1, 2^Rational[-1, 2], 1, 2^
        Rational[-1, 2], 1, 2^Rational[-1, 2], 1}, {
       1, 0.7071067811865475, 1, 0.7071067811865475, 1, 0.7071067811865475, 1,
         0.7071067811865475, 1}]], 
    BSplineCurve3DBox[{{0.8660254037844386, 0., -0.5}, {0.8660254037844386, 
     0.8660254037844386, -0.5}, {0., 
     0.8660254037844386, -0.5}, {-0.8660254037844386, 
     0.8660254037844386, -0.5}, {-0.8660254037844386, 
     0., -0.5}, {-0.8660254037844386, -0.8660254037844386, -0.5}, {
     0., -0.8660254037844386, -0.5}, {
     0.8660254037844386, -0.8660254037844386, -0.5}, {0.8660254037844386, 
     0., -0.5}},
     SplineDegree->2,
     SplineKnots->{0, 0, 0, 1, 1, 2, 2, 3, 3, 4, 4, 4},
     SplineWeights->
      NCache[{1, 2^Rational[-1, 2], 1, 2^Rational[-1, 2], 1, 2^
        Rational[-1, 2], 1, 2^Rational[-1, 2], 1}, {
       1, 0.7071067811865475, 1, 0.7071067811865475, 1, 0.7071067811865475, 1,
         0.7071067811865475, 1}]], 
    BSplineCurve3DBox[{{0.9682458365518543, 0., -0.25}, {0.9682458365518543, 
     0.9682458365518543, -0.25}, {0., 
     0.9682458365518543, -0.25}, {-0.9682458365518543, 
     0.9682458365518543, -0.25}, {-0.9682458365518543, 
     0., -0.25}, {-0.9682458365518543, -0.9682458365518543, -0.25}, {
     0., -0.9682458365518543, -0.25}, {
     0.9682458365518543, -0.9682458365518543, -0.25}, {0.9682458365518543, 
     0., -0.25}},
     SplineDegree->2,
     SplineKnots->{0, 0, 0, 1, 1, 2, 2, 3, 3, 4, 4, 4},
     SplineWeights->
      NCache[{1, 2^Rational[-1, 2], 1, 2^Rational[-1, 2], 1, 2^
        Rational[-1, 2], 1, 2^Rational[-1, 2], 1}, {
       1, 0.7071067811865475, 1, 0.7071067811865475, 1, 0.7071067811865475, 1,
         0.7071067811865475, 1}]], 
    BSplineCurve3DBox[{{1., 0., 0.}, {1., 1., 0.}, {0., 1., 0.}, {-1., 1., 
     0.}, {-1., 0., 0.}, {-1., -1., 0.}, {0., -1., 0.}, {1., -1., 0.}, {1., 
     0., 0.}},
     SplineDegree->2,
     SplineKnots->{0, 0, 0, 1, 1, 2, 2, 3, 3, 4, 4, 4},
     SplineWeights->
      NCache[{1, 2^Rational[-1, 2], 1, 2^Rational[-1, 2], 1, 2^
        Rational[-1, 2], 1, 2^Rational[-1, 2], 1}, {
       1, 0.7071067811865475, 1, 0.7071067811865475, 1, 0.7071067811865475, 1,
         0.7071067811865475, 1}]], 
    BSplineCurve3DBox[{{0.9682458365518543, 0., 0.25}, {0.9682458365518543, 
     0.9682458365518543, 0.25}, {0., 0.9682458365518543, 
     0.25}, {-0.9682458365518543, 0.9682458365518543, 
     0.25}, {-0.9682458365518543, 0., 
     0.25}, {-0.9682458365518543, -0.9682458365518543, 0.25}, {
     0., -0.9682458365518543, 0.25}, {0.9682458365518543, -0.9682458365518543,
      0.25}, {0.9682458365518543, 0., 0.25}},
     SplineDegree->2,
     SplineKnots->{0, 0, 0, 1, 1, 2, 2, 3, 3, 4, 4, 4},
     SplineWeights->
      NCache[{1, 2^Rational[-1, 2], 1, 2^Rational[-1, 2], 1, 2^
        Rational[-1, 2], 1, 2^Rational[-1, 2], 1}, {
       1, 0.7071067811865475, 1, 0.7071067811865475, 1, 0.7071067811865475, 1,
         0.7071067811865475, 1}]], 
    BSplineCurve3DBox[{{0.8660254037844386, 0., 0.5}, {0.8660254037844386, 
     0.8660254037844386, 0.5}, {0., 0.8660254037844386, 
     0.5}, {-0.8660254037844386, 0.8660254037844386, 
     0.5}, {-0.8660254037844386, 0., 
     0.5}, {-0.8660254037844386, -0.8660254037844386, 0.5}, {
     0., -0.8660254037844386, 0.5}, {0.8660254037844386, -0.8660254037844386, 
     0.5}, {0.8660254037844386, 0., 0.5}},
     SplineDegree->2,
     SplineKnots->{0, 0, 0, 1, 1, 2, 2, 3, 3, 4, 4, 4},
     SplineWeights->
      NCache[{1, 2^Rational[-1, 2], 1, 2^Rational[-1, 2], 1, 2^
        Rational[-1, 2], 1, 2^Rational[-1, 2], 1}, {
       1, 0.7071067811865475, 1, 0.7071067811865475, 1, 0.7071067811865475, 1,
         0.7071067811865475, 1}]], 
    BSplineCurve3DBox[{{0.6614378277661477, 0., 0.75}, {0.6614378277661477, 
     0.6614378277661477, 0.75}, {0., 0.6614378277661477, 
     0.75}, {-0.6614378277661477, 0.6614378277661477, 
     0.75}, {-0.6614378277661477, 0., 
     0.75}, {-0.6614378277661477, -0.6614378277661477, 0.75}, {
     0., -0.6614378277661477, 0.75}, {0.6614378277661477, -0.6614378277661477,
      0.75}, {0.6614378277661477, 0., 0.75}},
     SplineDegree->2,
     SplineKnots->{0, 0, 0, 1, 1, 2, 2, 3, 3, 4, 4, 4},
     SplineWeights->
      NCache[{1, 2^Rational[-1, 2], 1, 2^Rational[-1, 2], 1, 2^
        Rational[-1, 2], 1, 2^Rational[-1, 2], 1}, {
       1, 0.7071067811865475, 1, 0.7071067811865475, 1, 0.7071067811865475, 1,
         0.7071067811865475, 1}]], 
    BSplineCurve3DBox[{{0., 0., 1.}, {0., 0., 1.}, {0., 0., 1.}, {0., 0., 
     1.}, {0., 0., 1.}, {0., 0., 1.}, {0., 0., 1.}, {0., 0., 1.}, {0., 0., 
     1.}},
     SplineDegree->2,
     SplineKnots->{0, 0, 0, 1, 1, 2, 2, 3, 3, 4, 4, 4},
     SplineWeights->
      NCache[{1, 2^Rational[-1, 2], 1, 2^Rational[-1, 2], 1, 2^
        Rational[-1, 2], 1, 2^Rational[-1, 2], 1}, {
       1, 0.7071067811865475, 1, 0.7071067811865475, 1, 0.7071067811865475, 1,
         0.7071067811865475, 1}]]}, 
   {RGBColor[0.3315753, 0.4561011, 0.6388182], PointSize[0.02], 
    Point3DBox[{{1., 0., 0.}}]}},
  Boxed->False,
  ImageSize->{429.23830782617074`, 485.7520349594206},
  RotationAction->"Clip",
  ViewAngle->0.4,
  ViewPoint->{3.1698678871520514`, -0.28107218994746375`, 1.1501895504830173`},
  ViewVertical->{0.48141666934526717`, -0.014462128861783, 
   0.911590161694886}]], "Output",
 CellChangeTimes->{
  3.688376949918696*^9, 3.688377023635955*^9, 3.6883771329102583`*^9, 
   3.6883772372748327`*^9, {3.688377732361457*^9, 3.6883777663520393`*^9}, 
   3.688377817242371*^9}]
}, Open  ]],

Cell[CellGroupData[{

Cell[BoxData[
 RowBox[{"plotPointsWithSphere", "[", 
  RowBox[{"Table", "[", 
   RowBox[{
    RowBox[{"Coords", "[", 
     RowBox[{
      RowBox[{"MatrixPower", "[", 
       RowBox[{
        RowBox[{
         RowBox[{"rThetaY", "[", 
          RowBox[{
           RowBox[{"-", "\[Pi]"}], "/", "20."}], "]"}], ".", 
         RowBox[{"rThetaX", "[", 
          RowBox[{
           RowBox[{"-", "\[Pi]"}], "/", "20."}], "]"}], ".", 
         RowBox[{"rThetaY", "[", 
          RowBox[{"\[Pi]", "/", "20."}], "]"}], ".", 
         RowBox[{"rThetaX", "[", 
          RowBox[{"\[Pi]", "/", "20."}], "]"}]}], ",", "n"}], "]"}], ".", 
      "Z"}], "]"}], ",", 
    RowBox[{"{", 
     RowBox[{"n", ",", "0", ",", "4"}], "}"}]}], "]"}], "]"}]], "Input",
 CellChangeTimes->{{3.688374882302986*^9, 3.6883749223649864`*^9}, {
  3.688375020790986*^9, 3.6883750455659866`*^9}, {3.6883751716389866`*^9, 
  3.6883752329789867`*^9}, {3.688377199609057*^9, 3.6883772133920193`*^9}, {
  3.68837767750264*^9, 3.688377697665523*^9}}],

Cell[BoxData[
 Graphics3DBox[{
   {GrayLevel[0.5], Line3DBox[{{0, 0, 0}, {-1, 0, 0}}], 
    Line3DBox[{{0, 0, 0}, {1, 0, 0}}], Line3DBox[{{0, 0, 0}, {0, -1, 0}}], 
    Line3DBox[{{0, 0, 0}, {0, 1, 0}}], Line3DBox[{{0, 0, 0}, {0, 0, -1}}], 
    Line3DBox[{{0, 0, 0}, {0, 0, 1}}]}, {Text3DBox["\<\"x\"\>", {1.1, 0., 0}],
     Text3DBox["\<\"y\"\>", {0, 1.1, 0}], 
    Text3DBox["\<\"z\"\>", {0, 0, 1.1}]}, 
   {GrayLevel[0.5], Opacity[0.4], 
    GeometricTransformation3DBox[
     BSplineCurve3DBox[{{1., 0., 0}, {1., 1., 0}, {
       0., 1., 0}, {-1., 1., 0}, {-1., 0., 0}, {-1., -1., 0}, {0., -1., 0}, {
       1., -1., 0}, {1., 0., 0}},
      SplineDegree->2,
      SplineKnots->{0, 0, 0, 1, 1, 2, 2, 3, 3, 4, 4, 4},
      SplineWeights->
       NCache[{1, 2^Rational[-1, 2], 1, 2^Rational[-1, 2], 1, 2^
         Rational[-1, 2], 1, 2^Rational[-1, 2], 1}, {
        1, 0.7071067811865475, 1, 0.7071067811865475, 1, 0.7071067811865475, 
         1, 0.7071067811865475, 1}]], {{1., 0., 0.}, {0., 0., -1.}, {0., 1., 
     0.}}], GeometricTransformation3DBox[
     BSplineCurve3DBox[{{1., 0., 0}, {1., 1., 0}, {
       0., 1., 0}, {-1., 1., 0}, {-1., 0., 0}, {-1., -1., 0}, {0., -1., 0}, {
       1., -1., 0}, {1., 0., 0}},
      SplineDegree->2,
      SplineKnots->{0, 0, 0, 1, 1, 2, 2, 3, 3, 4, 4, 4},
      SplineWeights->
       NCache[{1, 2^Rational[-1, 2], 1, 2^Rational[-1, 2], 1, 2^
         Rational[-1, 2], 1, 2^Rational[-1, 2], 1}, {
        1, 0.7071067811865475, 1, 0.7071067811865475, 1, 0.7071067811865475, 
         1, 0.7071067811865475, 1}]], {{0.8535533905932737, 
     0.35355339059327384`, 0.3826834323650898}, {0.35355339059327373`, 
     0.14644660940672624`, -0.9238795325112867}, {-0.3826834323650898, 
     0.9238795325112867, 0.}}], 
    GeometricTransformation3DBox[
     BSplineCurve3DBox[{{1., 0., 0}, {1., 1., 0}, {
       0., 1., 0}, {-1., 1., 0}, {-1., 0., 0}, {-1., -1., 0}, {0., -1., 0}, {
       1., -1., 0}, {1., 0., 0}},
      SplineDegree->2,
      SplineKnots->{0, 0, 0, 1, 1, 2, 2, 3, 3, 4, 4, 4},
      SplineWeights->
       NCache[{1, 2^Rational[-1, 2], 1, 2^Rational[-1, 2], 1, 2^
         Rational[-1, 2], 1, 2^Rational[-1, 2], 1}, {
        1, 0.7071067811865475, 1, 0.7071067811865475, 1, 0.7071067811865475, 
         1, 0.7071067811865475, 1}]], {{0.5000000000000001, 0.5, 
     0.7071067811865475}, {0.5, 
     0.4999999999999999, -0.7071067811865476}, {-0.7071067811865475, 
     0.7071067811865476, 0.}}], 
    GeometricTransformation3DBox[
     BSplineCurve3DBox[{{1., 0., 0}, {1., 1., 0}, {
       0., 1., 0}, {-1., 1., 0}, {-1., 0., 0}, {-1., -1., 0}, {0., -1., 0}, {
       1., -1., 0}, {1., 0., 0}},
      SplineDegree->2,
      SplineKnots->{0, 0, 0, 1, 1, 2, 2, 3, 3, 4, 4, 4},
      SplineWeights->
       NCache[{1, 2^Rational[-1, 2], 1, 2^Rational[-1, 2], 1, 2^
         Rational[-1, 2], 1, 2^Rational[-1, 2], 1}, {
        1, 0.7071067811865475, 1, 0.7071067811865475, 1, 0.7071067811865475, 
         1, 0.7071067811865475, 1}]], {{0.1464466094067263, 
     0.35355339059327384`, 0.9238795325112868}, {0.35355339059327384`, 
     0.8535533905932737, -0.3826834323650899}, {-0.9238795325112868, 
     0.3826834323650899, 0.}}], 
    GeometricTransformation3DBox[
     BSplineCurve3DBox[{{1., 0., 0}, {1., 1., 0}, {
